0	file:/Users/James/Desktop/mallet-2.0.8/data/movies/.DS_Store	0.07142857142857142	0.21428571428571427	0.07142857142857142	0.07142857142857142	0.07142857142857142	0.21428571428571427	0.07142857142857142	0.07142857142857142	0.07142857142857142	0.07142857142857142
1	file:/Users/James/Desktop/mallet-2.0.8/data/movies/0.txt	0.023809523809523808	0.21428571428571427	0.023809523809523808	0.16666666666666666	0.21428571428571427	0.023809523809523808	0.07142857142857142	0.023809523809523808	0.21428571428571427	0.023809523809523808
2	file:/Users/James/Desktop/mallet-2.0.8/data/movies/1.txt	0.06	0.02	0.02	0.1	0.06	0.02	0.1	0.22	0.3	0.1
3	file:/Users/James/Desktop/mallet-2.0.8/data/movies/10.txt	0.05	0.05	0.15	0.05	0.25	0.05	0.15	0.05	0.05	0.15
4	file:/Users/James/Desktop/mallet-2.0.8/data/movies/100.txt	0.03125	0.09375	0.03125	0.28125	0.03125	0.09375	0.03125	0.34375	0.03125	0.03125
5	file:/Users/James/Desktop/mallet-2.0.8/data/movies/1000.txt	0.0625	0.0625	0.0625	0.0625	0.1875	0.0625	0.0625	0.3125	0.0625	0.0625
6	file:/Users/James/Desktop/mallet-2.0.8/data/movies/10000.txt	0.02631578947368421	0.18421052631578946	0.07894736842105263	0.02631578947368421	0.07894736842105263	0.13157894736842105	0.23684210526315788	0.13157894736842105	0.02631578947368421	0.07894736842105263
7	file:/Users/James/Desktop/mallet-2.0.8/data/movies/10001.txt	0.03333333333333333	0.16666666666666666	0.1	0.3	0.1	0.03333333333333333	0.03333333333333333	0.03333333333333333	0.1	0.1
8	file:/Users/James/Desktop/mallet-2.0.8/data/movies/10002.txt	0.03125	0.09375	0.46875	0.09375	0.03125	0.03125	0.15625	0.03125	0.03125	0.03125
9	file:/Users/James/Desktop/mallet-2.0.8/data/movies/10003.txt	0.1388888888888889	0.027777777777777776	0.027777777777777776	0.1388888888888889	0.19444444444444445	0.3055555555555556	0.027777777777777776	0.027777777777777776	0.08333333333333333	0.027777777777777776
10	file:/Users/James/Desktop/mallet-2.0.8/data/movies/10004.txt	0.041666666666666664	0.125	0.041666666666666664	0.125	0.20833333333333334	0.20833333333333334	0.041666666666666664	0.125	0.041666666666666664	0.041666666666666664
11	file:/Users/James/Desktop/mallet-2.0.8/data/movies/10005.txt	0.03333333333333333	0.03333333333333333	0.03333333333333333	0.16666666666666666	0.23333333333333334	0.03333333333333333	0.1	0.03333333333333333	0.3	0.03333333333333333
12	file:/Users/James/Desktop/mallet-2.0.8/data/movies/10006.txt	0.045454545454545456	0.045454545454545456	0.045454545454545456	0.045454545454545456	0.3181818181818182	0.045454545454545456	0.045454545454545456	0.045454545454545456	0.3181818181818182	0.045454545454545456
13	file:/Users/James/Desktop/mallet-2.0.8/data/movies/10007.txt	0.07142857142857142	0.07142857142857142	0.21428571428571427	0.07142857142857142	0.21428571428571427	0.07142857142857142	0.07142857142857142	0.07142857142857142	0.07142857142857142	0.07142857142857142
14	file:/Users/James/Desktop/mallet-2.0.8/data/movies/10008.txt	0.038461538461538464	0.038461538461538464	0.19230769230769232	0.038461538461538464	0.11538461538461539	0.038461538461538464	0.038461538461538464	0.038461538461538464	0.038461538461538464	0.4230769230769231
15	file:/Users/James/Desktop/mallet-2.0.8/data/movies/10009.txt	0.038461538461538464	0.038461538461538464	0.038461538461538464	0.038461538461538464	0.5	0.11538461538461539	0.11538461538461539	0.038461538461538464	0.038461538461538464	0.038461538461538464
16	file:/Users/James/Desktop/mallet-2.0.8/data/movies/1001.txt	0.22727272727272727	0.045454545454545456	0.045454545454545456	0.13636363636363635	0.13636363636363635	0.13636363636363635	0.13636363636363635	0.045454545454545456	0.045454545454545456	0.045454545454545456
17	file:/Users/James/Desktop/mallet-2.0.8/data/movies/10010.txt	0.25	0.17857142857142858	0.10714285714285714	0.03571428571428571	0.03571428571428571	0.03571428571428571	0.17857142857142858	0.03571428571428571	0.03571428571428571	0.10714285714285714
18	file:/Users/James/Desktop/mallet-2.0.8/data/movies/10011.txt	0.041666666666666664	0.20833333333333334	0.125	0.041666666666666664	0.041666666666666664	0.041666666666666664	0.041666666666666664	0.041666666666666664	0.041666666666666664	0.375
19	file:/Users/James/Desktop/mallet-2.0.8/data/movies/10012.txt	0.17857142857142858	0.25	0.10714285714285714	0.03571428571428571	0.03571428571428571	0.03571428571428571	0.03571428571428571	0.03571428571428571	0.03571428571428571	0.25
20	file:/Users/James/Desktop/mallet-2.0.8/data/movies/10013.txt	0.025	0.025	0.175	0.075	0.225	0.025	0.025	0.025	0.325	0.075
21	file:/Users/James/Desktop/mallet-2.0.8/data/movies/10014.txt	0.19230769230769232	0.038461538461538464	0.038461538461538464	0.34615384615384615	0.038461538461538464	0.11538461538461539	0.038461538461538464	0.038461538461538464	0.038461538461538464	0.11538461538461539
22	file:/Users/James/Desktop/mallet-2.0.8/data/movies/10015.txt	0.027777777777777776	0.027777777777777776	0.19444444444444445	0.027777777777777776	0.3055555555555556	0.1388888888888889	0.027777777777777776	0.19444444444444445	0.027777777777777776	0.027777777777777776
23	file:/Users/James/Desktop/mallet-2.0.8/data/movies/10016.txt	0.03333333333333333	0.1	0.03333333333333333	0.03333333333333333	0.1	0.5666666666666667	0.03333333333333333	0.03333333333333333	0.03333333333333333	0.03333333333333333
24	file:/Users/James/Desktop/mallet-2.0.8/data/movies/10017.txt	0.029411764705882353	0.029411764705882353	0.029411764705882353	0.3235294117647059	0.029411764705882353	0.08823529411764706	0.029411764705882353	0.029411764705882353	0.3235294117647059	0.08823529411764706
25	file:/Users/James/Desktop/mallet-2.0.8/data/movies/10018.txt	0.0625	0.0625	0.0625	0.0625	0.0625	0.0625	0.0625	0.4375	0.0625	0.0625
26	file:/Users/James/Desktop/mallet-2.0.8/data/movies/10019.txt	0.029411764705882353	0.029411764705882353	0.029411764705882353	0.20588235294117646	0.08823529411764706	0.20588235294117646	0.14705882352941177	0.029411764705882353	0.14705882352941177	0.08823529411764706
27	file:/Users/James/Desktop/mallet-2.0.8/data/movies/1002.txt	0.05555555555555555	0.16666666666666666	0.16666666666666666	0.05555555555555555	0.05555555555555555	0.05555555555555555	0.2777777777777778	0.05555555555555555	0.05555555555555555	0.05555555555555555
28	file:/Users/James/Desktop/mallet-2.0.8/data/movies/10020.txt	0.13636363636363635	0.045454545454545456	0.045454545454545456	0.045454545454545456	0.3181818181818182	0.045454545454545456	0.13636363636363635	0.13636363636363635	0.045454545454545456	0.045454545454545456
29	file:/Users/James/Desktop/mallet-2.0.8/data/movies/10021.txt	0.021739130434782608	0.021739130434782608	0.2391304347826087	0.021739130434782608	0.10869565217391304	0.021739130434782608	0.32608695652173914	0.021739130434782608	0.021739130434782608	0.1956521739130435
30	file:/Users/James/Desktop/mallet-2.0.8/data/movies/10022.txt	0.041666666666666664	0.125	0.041666666666666664	0.2916666666666667	0.041666666666666664	0.20833333333333334	0.041666666666666664	0.041666666666666664	0.041666666666666664	0.125
31	file:/Users/James/Desktop/mallet-2.0.8/data/movies/10023.txt	0.11538461538461539	0.11538461538461539	0.19230769230769232	0.19230769230769232	0.038461538461538464	0.19230769230769232	0.038461538461538464	0.038461538461538464	0.038461538461538464	0.038461538461538464
32	file:/Users/James/Desktop/mallet-2.0.8/data/movies/10024.txt	0.10714285714285714	0.10714285714285714	0.10714285714285714	0.03571428571428571	0.17857142857142858	0.03571428571428571	0.25	0.03571428571428571	0.03571428571428571	0.10714285714285714
33	file:/Users/James/Desktop/mallet-2.0.8/data/movies/10025.txt	0.05555555555555555	0.16666666666666666	0.05555555555555555	0.3888888888888889	0.05555555555555555	0.05555555555555555	0.05555555555555555	0.05555555555555555	0.05555555555555555	0.05555555555555555
34	file:/Users/James/Desktop/mallet-2.0.8/data/movies/10026.txt	0.3181818181818182	0.045454545454545456	0.045454545454545456	0.22727272727272727	0.045454545454545456	0.045454545454545456	0.045454545454545456	0.13636363636363635	0.045454545454545456	0.045454545454545456
35	file:/Users/James/Desktop/mallet-2.0.8/data/movies/10027.txt	0.2916666666666667	0.041666666666666664	0.041666666666666664	0.041666666666666664	0.041666666666666664	0.041666666666666664	0.2916666666666667	0.041666666666666664	0.041666666666666664	0.125
36	file:/Users/James/Desktop/mallet-2.0.8/data/movies/10028.txt	0.09375	0.15625	0.03125	0.09375	0.09375	0.03125	0.09375	0.15625	0.03125	0.21875
37	file:/Users/James/Desktop/mallet-2.0.8/data/movies/10029.txt	0.041666666666666664	0.125	0.041666666666666664	0.125	0.041666666666666664	0.041666666666666664	0.041666666666666664	0.20833333333333334	0.041666666666666664	0.2916666666666667
38	file:/Users/James/Desktop/mallet-2.0.8/data/movies/1003.txt	0.07142857142857142	0.07142857142857142	0.07142857142857142	0.35714285714285715	0.07142857142857142	0.07142857142857142	0.07142857142857142	0.07142857142857142	0.07142857142857142	0.07142857142857142
39	file:/Users/James/Desktop/mallet-2.0.8/data/movies/10030.txt	0.08823529411764706	0.029411764705882353	0.029411764705882353	0.08823529411764706	0.4411764705882353	0.08823529411764706	0.029411764705882353	0.14705882352941177	0.029411764705882353	0.029411764705882353
40	file:/Users/James/Desktop/mallet-2.0.8/data/movies/10031.txt	0.045454545454545456	0.045454545454545456	0.13636363636363635	0.045454545454545456	0.045454545454545456	0.22727272727272727	0.13636363636363635	0.045454545454545456	0.13636363636363635	0.13636363636363635
41	file:/Users/James/Desktop/mallet-2.0.8/data/movies/10032.txt	0.05555555555555555	0.05555555555555555	0.05555555555555555	0.05555555555555555	0.05555555555555555	0.16666666666666666	0.05555555555555555	0.05555555555555555	0.3888888888888889	0.05555555555555555
42	file:/Users/James/Desktop/mallet-2.0.8/data/movies/10033.txt	0.16666666666666666	0.05555555555555555	0.05555555555555555	0.05555555555555555	0.2777777777777778	0.05555555555555555	0.05555555555555555	0.05555555555555555	0.16666666666666666	0.05555555555555555
43	file:/Users/James/Desktop/mallet-2.0.8/data/movies/10034.txt	0.041666666666666664	0.125	0.041666666666666664	0.041666666666666664	0.375	0.041666666666666664	0.041666666666666664	0.041666666666666664	0.20833333333333334	0.041666666666666664
44	file:/Users/James/Desktop/mallet-2.0.8/data/movies/10035.txt	0.05	0.05	0.05	0.05	0.05	0.05	0.05	0.05	0.25	0.35
45	file:/Users/James/Desktop/mallet-2.0.8/data/movies/10036.txt	0.05555555555555555	0.05555555555555555	0.05555555555555555	0.05555555555555555	0.05555555555555555	0.16666666666666666	0.05555555555555555	0.05555555555555555	0.2777777777777778	0.16666666666666666
46	file:/Users/James/Desktop/mallet-2.0.8/data/movies/10037.txt	0.11904761904761904	0.21428571428571427	0.07142857142857142	0.11904761904761904	0.07142857142857142	0.07142857142857142	0.21428571428571427	0.023809523809523808	0.023809523809523808	0.07142857142857142
47	file:/Users/James/Desktop/mallet-2.0.8/data/movies/10038.txt	0.02631578947368421	0.07894736842105263	0.02631578947368421	0.02631578947368421	0.2894736842105263	0.13157894736842105	0.02631578947368421	0.02631578947368421	0.13157894736842105	0.23684210526315788
48	file:/Users/James/Desktop/mallet-2.0.8/data/movies/10039.txt	0.045454545454545456	0.045454545454545456	0.045454545454545456	0.22727272727272727	0.13636363636363635	0.13636363636363635	0.045454545454545456	0.045454545454545456	0.13636363636363635	0.13636363636363635
49	file:/Users/James/Desktop/mallet-2.0.8/data/movies/1004.txt	0.3125	0.0625	0.0625	0.0625	0.0625	0.1875	0.0625	0.0625	0.0625	0.0625
50	file:/Users/James/Desktop/mallet-2.0.8/data/movies/10040.txt	0.05555555555555555	0.05555555555555555	0.05555555555555555	0.05555555555555555	0.5	0.05555555555555555	0.05555555555555555	0.05555555555555555	0.05555555555555555	0.05555555555555555
51	file:/Users/James/Desktop/mallet-2.0.8/data/movies/10041.txt	0.15217391304347827	0.021739130434782608	0.021739130434782608	0.10869565217391304	0.45652173913043476	0.021739130434782608	0.06521739130434782	0.021739130434782608	0.10869565217391304	0.021739130434782608
52	file:/Users/James/Desktop/mallet-2.0.8/data/movies/10042.txt	0.03125	0.28125	0.09375	0.03125	0.03125	0.34375	0.09375	0.03125	0.03125	0.03125
53	file:/Users/James/Desktop/mallet-2.0.8/data/movies/10043.txt	0.07894736842105263	0.02631578947368421	0.02631578947368421	0.02631578947368421	0.02631578947368421	0.07894736842105263	0.02631578947368421	0.5526315789473685	0.02631578947368421	0.13157894736842105
54	file:/Users/James/Desktop/mallet-2.0.8/data/movies/10044.txt	0.05	0.05	0.05	0.05	0.15	0.15	0.05	0.05	0.35	0.05
55	file:/Users/James/Desktop/mallet-2.0.8/data/movies/10045.txt	0.16666666666666666	0.05555555555555555	0.05555555555555555	0.05555555555555555	0.05555555555555555	0.05555555555555555	0.16666666666666666	0.05555555555555555	0.05555555555555555	0.2777777777777778
56	file:/Users/James/Desktop/mallet-2.0.8/data/movies/10046.txt	0.07142857142857142	0.07142857142857142	0.07142857142857142	0.07142857142857142	0.07142857142857142	0.21428571428571427	0.07142857142857142	0.21428571428571427	0.07142857142857142	0.07142857142857142
57	file:/Users/James/Desktop/mallet-2.0.8/data/movies/10047.txt	0.03333333333333333	0.03333333333333333	0.1	0.03333333333333333	0.3	0.16666666666666666	0.03333333333333333	0.1	0.03333333333333333	0.16666666666666666
58	file:/Users/James/Desktop/mallet-2.0.8/data/movies/10048.txt	0.021739130434782608	0.15217391304347827	0.021739130434782608	0.06521739130434782	0.06521739130434782	0.32608695652173914	0.021739130434782608	0.10869565217391304	0.021739130434782608	0.1956521739130435
59	file:/Users/James/Desktop/mallet-2.0.8/data/movies/10049.txt	0.057692307692307696	0.057692307692307696	0.019230769230769232	0.019230769230769232	0.019230769230769232	0.09615384615384616	0.5192307692307693	0.019230769230769232	0.019230769230769232	0.17307692307692307
60	file:/Users/James/Desktop/mallet-2.0.8/data/movies/1005.txt	0.029411764705882353	0.029411764705882353	0.14705882352941177	0.029411764705882353	0.14705882352941177	0.029411764705882353	0.08823529411764706	0.14705882352941177	0.3235294117647059	0.029411764705882353
61	file:/Users/James/Desktop/mallet-2.0.8/data/movies/10050.txt	0.045454545454545456	0.22727272727272727	0.13636363636363635	0.045454545454545456	0.13636363636363635	0.13636363636363635	0.045454545454545456	0.045454545454545456	0.045454545454545456	0.13636363636363635
62	file:/Users/James/Desktop/mallet-2.0.8/data/movies/10051.txt	0.03571428571428571	0.17857142857142858	0.03571428571428571	0.03571428571428571	0.32142857142857145	0.03571428571428571	0.17857142857142858	0.03571428571428571	0.10714285714285714	0.03571428571428571
63	file:/Users/James/Desktop/mallet-2.0.8/data/movies/10052.txt	0.15625	0.09375	0.09375	0.28125	0.03125	0.15625	0.03125	0.03125	0.03125	0.09375
64	file:/Users/James/Desktop/mallet-2.0.8/data/movies/10053.txt	0.03571428571428571	0.25	0.03571428571428571	0.03571428571428571	0.10714285714285714	0.03571428571428571	0.03571428571428571	0.25	0.03571428571428571	0.17857142857142858
65	file:/Users/James/Desktop/mallet-2.0.8/data/movies/10054.txt	0.038461538461538464	0.11538461538461539	0.2692307692307692	0.19230769230769232	0.038461538461538464	0.038461538461538464	0.11538461538461539	0.038461538461538464	0.038461538461538464	0.11538461538461539
66	file:/Users/James/Desktop/mallet-2.0.8/data/movies/10055.txt	0.4375	0.0625	0.0625	0.0625	0.0625	0.0625	0.0625	0.0625	0.0625	0.0625
67	file:/Users/James/Desktop/mallet-2.0.8/data/movies/10056.txt	0.15	0.05	0.05	0.05	0.05	0.05	0.05	0.05	0.45	0.05
68	file:/Users/James/Desktop/mallet-2.0.8/data/movies/10057.txt	0.1590909090909091	0.06818181818181818	0.38636363636363635	0.022727272727272728	0.06818181818181818	0.06818181818181818	0.06818181818181818	0.022727272727272728	0.06818181818181818	0.06818181818181818
69	file:/Users/James/Desktop/mallet-2.0.8/data/movies/10058.txt	0.23333333333333334	0.03333333333333333	0.1	0.03333333333333333	0.16666666666666666	0.1	0.03333333333333333	0.1	0.03333333333333333	0.16666666666666666
70	file:/Users/James/Desktop/mallet-2.0.8/data/movies/10059.txt	0.1	0.03333333333333333	0.16666666666666666	0.03333333333333333	0.1	0.3	0.03333333333333333	0.03333333333333333	0.03333333333333333	0.16666666666666666
71	file:/Users/James/Desktop/mallet-2.0.8/data/movies/1006.txt	0.0625	0.0625	0.0625	0.0625	0.0625	0.0625	0.0625	0.0625	0.4375	0.0625
72	file:/Users/James/Desktop/mallet-2.0.8/data/movies/10060.txt	0.02	0.18	0.02	0.06	0.06	0.14	0.1	0.02	0.38	0.02
73	file:/Users/James/Desktop/mallet-2.0.8/data/movies/10061.txt	0.10714285714285714	0.03571428571428571	0.03571428571428571	0.17857142857142858	0.17857142857142858	0.03571428571428571	0.32142857142857145	0.03571428571428571	0.03571428571428571	0.03571428571428571
74	file:/Users/James/Desktop/mallet-2.0.8/data/movies/10062.txt	0.03333333333333333	0.16666666666666666	0.1	0.03333333333333333	0.03333333333333333	0.03333333333333333	0.16666666666666666	0.1	0.03333333333333333	0.3
75	file:/Users/James/Desktop/mallet-2.0.8/data/movies/10063.txt	0.05	0.05	0.05	0.05	0.05	0.05	0.55	0.05	0.05	0.05
76	file:/Users/James/Desktop/mallet-2.0.8/data/movies/10064.txt	0.10714285714285714	0.03571428571428571	0.03571428571428571	0.03571428571428571	0.39285714285714285	0.03571428571428571	0.03571428571428571	0.03571428571428571	0.25	0.03571428571428571
77	file:/Users/James/Desktop/mallet-2.0.8/data/movies/10065.txt	0.05555555555555555	0.2777777777777778	0.2777777777777778	0.05555555555555555	0.05555555555555555	0.05555555555555555	0.05555555555555555	0.05555555555555555	0.05555555555555555	0.05555555555555555
78	file:/Users/James/Desktop/mallet-2.0.8/data/movies/10066.txt	0.05555555555555555	0.05555555555555555	0.05555555555555555	0.05555555555555555	0.16666666666666666	0.05555555555555555	0.3888888888888889	0.05555555555555555	0.05555555555555555	0.05555555555555555
79	file:/Users/James/Desktop/mallet-2.0.8/data/movies/10067.txt	0.03333333333333333	0.1	0.1	0.03333333333333333	0.36666666666666664	0.16666666666666666	0.03333333333333333	0.1	0.03333333333333333	0.03333333333333333
80	file:/Users/James/Desktop/mallet-2.0.8/data/movies/10068.txt	0.11538461538461539	0.2692307692307692	0.038461538461538464	0.038461538461538464	0.038461538461538464	0.11538461538461539	0.11538461538461539	0.11538461538461539	0.038461538461538464	0.11538461538461539
81	file:/Users/James/Desktop/mallet-2.0.8/data/movies/10069.txt	0.038461538461538464	0.038461538461538464	0.11538461538461539	0.11538461538461539	0.038461538461538464	0.038461538461538464	0.11538461538461539	0.038461538461538464	0.4230769230769231	0.038461538461538464
82	file:/Users/James/Desktop/mallet-2.0.8/data/movies/1007.txt	0.2391304347826087	0.021739130434782608	0.021739130434782608	0.021739130434782608	0.021739130434782608	0.06521739130434782	0.10869565217391304	0.021739130434782608	0.41304347826086957	0.06521739130434782
83	file:/Users/James/Desktop/mallet-2.0.8/data/movies/10070.txt	0.045454545454545456	0.045454545454545456	0.045454545454545456	0.13636363636363635	0.045454545454545456	0.045454545454545456	0.045454545454545456	0.045454545454545456	0.3181818181818182	0.22727272727272727
84	file:/Users/James/Desktop/mallet-2.0.8/data/movies/10071.txt	0.03333333333333333	0.03333333333333333	0.3	0.03333333333333333	0.1	0.03333333333333333	0.03333333333333333	0.3	0.03333333333333333	0.1
85	file:/Users/James/Desktop/mallet-2.0.8/data/movies/10072.txt	0.022727272727272728	0.022727272727272728	0.20454545454545456	0.022727272727272728	0.1590909090909091	0.022727272727272728	0.022727272727272728	0.022727272727272728	0.022727272727272728	0.4772727272727273
86	file:/Users/James/Desktop/mallet-2.0.8/data/movies/10073.txt	0.15	0.15	0.05	0.05	0.05	0.05	0.05	0.25	0.05	0.15
87	file:/Users/James/Desktop/mallet-2.0.8/data/movies/10074.txt	0.11538461538461539	0.038461538461538464	0.038461538461538464	0.038461538461538464	0.038461538461538464	0.11538461538461539	0.038461538461538464	0.19230769230769232	0.038461538461538464	0.34615384615384615
88	file:/Users/James/Desktop/mallet-2.0.8/data/movies/10075.txt	0.038461538461538464	0.038461538461538464	0.038461538461538464	0.038461538461538464	0.11538461538461539	0.2692307692307692	0.19230769230769232	0.11538461538461539	0.038461538461538464	0.11538461538461539
89	file:/Users/James/Desktop/mallet-2.0.8/data/movies/10076.txt	0.022727272727272728	0.06818181818181818	0.11363636363636363	0.11363636363636363	0.06818181818181818	0.022727272727272728	0.20454545454545456	0.022727272727272728	0.1590909090909091	0.20454545454545456
90	file:/Users/James/Desktop/mallet-2.0.8/data/movies/10077.txt	0.07142857142857142	0.023809523809523808	0.023809523809523808	0.07142857142857142	0.07142857142857142	0.5	0.023809523809523808	0.023809523809523808	0.07142857142857142	0.11904761904761904
91	file:/Users/James/Desktop/mallet-2.0.8/data/movies/10078.txt	0.038461538461538464	0.19230769230769232	0.2692307692307692	0.038461538461538464	0.038461538461538464	0.038461538461538464	0.038461538461538464	0.2692307692307692	0.038461538461538464	0.038461538461538464
92	file:/Users/James/Desktop/mallet-2.0.8/data/movies/10079.txt	0.041666666666666664	0.041666666666666664	0.375	0.20833333333333334	0.041666666666666664	0.041666666666666664	0.041666666666666664	0.125	0.041666666666666664	0.041666666666666664
93	file:/Users/James/Desktop/mallet-2.0.8/data/movies/1008.txt	0.05555555555555555	0.05555555555555555	0.05555555555555555	0.05555555555555555	0.05555555555555555	0.05555555555555555	0.3888888888888889	0.16666666666666666	0.05555555555555555	0.05555555555555555
94	file:/Users/James/Desktop/mallet-2.0.8/data/movies/10080.txt	0.03571428571428571	0.03571428571428571	0.17857142857142858	0.03571428571428571	0.03571428571428571	0.03571428571428571	0.4642857142857143	0.03571428571428571	0.10714285714285714	0.03571428571428571
95	file:/Users/James/Desktop/mallet-2.0.8/data/movies/10081.txt	0.05	0.05	0.15	0.05	0.05	0.15	0.05	0.05	0.05	0.35
96	file:/Users/James/Desktop/mallet-2.0.8/data/movies/10082.txt	0.045454545454545456	0.3181818181818182	0.045454545454545456	0.13636363636363635	0.045454545454545456	0.045454545454545456	0.045454545454545456	0.22727272727272727	0.045454545454545456	0.045454545454545456
97	file:/Users/James/Desktop/mallet-2.0.8/data/movies/10083.txt	0.05	0.15	0.05	0.05	0.05	0.25	0.15	0.05	0.15	0.05
98	file:/Users/James/Desktop/mallet-2.0.8/data/movies/10084.txt	0.041666666666666664	0.041666666666666664	0.20833333333333334	0.041666666666666664	0.041666666666666664	0.20833333333333334	0.041666666666666664	0.041666666666666664	0.125	0.20833333333333334
99	file:/Users/James/Desktop/mallet-2.0.8/data/movies/10085.txt	0.08823529411764706	0.029411764705882353	0.029411764705882353	0.08823529411764706	0.3235294117647059	0.029411764705882353	0.2647058823529412	0.029411764705882353	0.08823529411764706	0.029411764705882353
100	file:/Users/James/Desktop/mallet-2.0.8/data/movies/10086.txt	0.05555555555555555	0.16666666666666666	0.16666666666666666	0.05555555555555555	0.05555555555555555	0.05555555555555555	0.05555555555555555	0.2777777777777778	0.05555555555555555	0.05555555555555555
101	file:/Users/James/Desktop/mallet-2.0.8/data/movies/10087.txt	0.13157894736842105	0.02631578947368421	0.39473684210526316	0.13157894736842105	0.13157894736842105	0.02631578947368421	0.02631578947368421	0.02631578947368421	0.02631578947368421	0.07894736842105263
102	file:/Users/James/Desktop/mallet-2.0.8/data/movies/10088.txt	0.021739130434782608	0.06521739130434782	0.10869565217391304	0.06521739130434782	0.2826086956521739	0.021739130434782608	0.021739130434782608	0.06521739130434782	0.2391304347826087	0.10869565217391304
103	file:/Users/James/Desktop/mallet-2.0.8/data/movies/10089.txt	0.05	0.25	0.15	0.15	0.05	0.05	0.05	0.15	0.05	0.05
104	file:/Users/James/Desktop/mallet-2.0.8/data/movies/1009.txt	0.28125	0.03125	0.03125	0.15625	0.03125	0.21875	0.03125	0.09375	0.09375	0.03125
105	file:/Users/James/Desktop/mallet-2.0.8/data/movies/10090.txt	0.03333333333333333	0.03333333333333333	0.23333333333333334	0.03333333333333333	0.1	0.16666666666666666	0.1	0.03333333333333333	0.23333333333333334	0.03333333333333333
106	file:/Users/James/Desktop/mallet-2.0.8/data/movies/10091.txt	0.05	0.05	0.05	0.05	0.05	0.15	0.05	0.15	0.25	0.15
107	file:/Users/James/Desktop/mallet-2.0.8/data/movies/10092.txt	0.0625	0.0625	0.0625	0.0625	0.0625	0.3125	0.1875	0.0625	0.0625	0.0625
108	file:/Users/James/Desktop/mallet-2.0.8/data/movies/10093.txt	0.029411764705882353	0.08823529411764706	0.029411764705882353	0.029411764705882353	0.029411764705882353	0.38235294117647056	0.2647058823529412	0.029411764705882353	0.08823529411764706	0.029411764705882353
109	file:/Users/James/Desktop/mallet-2.0.8/data/movies/10094.txt	0.03571428571428571	0.03571428571428571	0.10714285714285714	0.03571428571428571	0.17857142857142858	0.03571428571428571	0.17857142857142858	0.03571428571428571	0.17857142857142858	0.17857142857142858
110	file:/Users/James/Desktop/mallet-2.0.8/data/movies/10095.txt	0.35	0.05	0.05	0.05	0.05	0.25	0.05	0.05	0.05	0.05
111	file:/Users/James/Desktop/mallet-2.0.8/data/movies/10096.txt	0.08333333333333333	0.08333333333333333	0.1388888888888889	0.3055555555555556	0.027777777777777776	0.08333333333333333	0.027777777777777776	0.1388888888888889	0.027777777777777776	0.08333333333333333
112	file:/Users/James/Desktop/mallet-2.0.8/data/movies/10097.txt	0.05	0.25	0.05	0.15	0.05	0.05	0.05	0.05	0.05	0.25
113	file:/Users/James/Desktop/mallet-2.0.8/data/movies/10098.txt	0.041666666666666664	0.125	0.041666666666666664	0.375	0.041666666666666664	0.125	0.041666666666666664	0.041666666666666664	0.125	0.041666666666666664
114	file:/Users/James/Desktop/mallet-2.0.8/data/movies/10099.txt	0.03571428571428571	0.25	0.32142857142857145	0.03571428571428571	0.10714285714285714	0.10714285714285714	0.03571428571428571	0.03571428571428571	0.03571428571428571	0.03571428571428571
115	file:/Users/James/Desktop/mallet-2.0.8/data/movies/101.txt	0.05555555555555555	0.05555555555555555	0.05555555555555555	0.05555555555555555	0.05555555555555555	0.16666666666666666	0.05555555555555555	0.05555555555555555	0.05555555555555555	0.3888888888888889
116	file:/Users/James/Desktop/mallet-2.0.8/data/movies/1010.txt	0.05555555555555555	0.05555555555555555	0.2777777777777778	0.05555555555555555	0.05555555555555555	0.05555555555555555	0.05555555555555555	0.05555555555555555	0.16666666666666666	0.16666666666666666
117	file:/Users/James/Desktop/mallet-2.0.8/data/movies/10100.txt	0.038461538461538464	0.11538461538461539	0.038461538461538464	0.11538461538461539	0.038461538461538464	0.038461538461538464	0.11538461538461539	0.11538461538461539	0.038461538461538464	0.34615384615384615
118	file:/Users/James/Desktop/mallet-2.0.8/data/movies/10101.txt	0.05	0.15	0.05	0.05	0.05	0.05	0.05	0.25	0.05	0.25
119	file:/Users/James/Desktop/mallet-2.0.8/data/movies/10102.txt	0.038461538461538464	0.19230769230769232	0.19230769230769232	0.038461538461538464	0.11538461538461539	0.11538461538461539	0.038461538461538464	0.038461538461538464	0.11538461538461539	0.11538461538461539
120	file:/Users/James/Desktop/mallet-2.0.8/data/movies/10103.txt	0.038461538461538464	0.038461538461538464	0.038461538461538464	0.038461538461538464	0.038461538461538464	0.11538461538461539	0.11538461538461539	0.038461538461538464	0.038461538461538464	0.5
121	file:/Users/James/Desktop/mallet-2.0.8/data/movies/10104.txt	0.05555555555555555	0.05555555555555555	0.05555555555555555	0.05555555555555555	0.05555555555555555	0.05555555555555555	0.16666666666666666	0.05555555555555555	0.16666666666666666	0.2777777777777778
122	file:/Users/James/Desktop/mallet-2.0.8/data/movies/10105.txt	0.03125	0.09375	0.03125	0.03125	0.15625	0.03125	0.53125	0.03125	0.03125	0.03125
123	file:/Users/James/Desktop/mallet-2.0.8/data/movies/10106.txt	0.03571428571428571	0.03571428571428571	0.5357142857142857	0.03571428571428571	0.10714285714285714	0.03571428571428571	0.03571428571428571	0.03571428571428571	0.10714285714285714	0.03571428571428571
124	file:/Users/James/Desktop/mallet-2.0.8/data/movies/10107.txt	0.03333333333333333	0.3	0.1	0.03333333333333333	0.03333333333333333	0.16666666666666666	0.03333333333333333	0.1	0.16666666666666666	0.03333333333333333
125	file:/Users/James/Desktop/mallet-2.0.8/data/movies/10108.txt	0.03125	0.09375	0.21875	0.03125	0.03125	0.21875	0.21875	0.09375	0.03125	0.03125
126	file:/Users/James/Desktop/mallet-2.0.8/data/movies/10109.txt	0.05	0.05	0.05	0.05	0.05	0.15	0.35	0.05	0.05	0.15
127	file:/Users/James/Desktop/mallet-2.0.8/data/movies/1011.txt	0.03571428571428571	0.10714285714285714	0.03571428571428571	0.03571428571428571	0.03571428571428571	0.03571428571428571	0.03571428571428571	0.03571428571428571	0.39285714285714285	0.25
128	file:/Users/James/Desktop/mallet-2.0.8/data/movies/10110.txt	0.125	0.20833333333333334	0.041666666666666664	0.041666666666666664	0.041666666666666664	0.041666666666666664	0.125	0.041666666666666664	0.125	0.20833333333333334
129	file:/Users/James/Desktop/mallet-2.0.8/data/movies/10111.txt	0.02631578947368421	0.02631578947368421	0.07894736842105263	0.02631578947368421	0.23684210526315788	0.4473684210526316	0.02631578947368421	0.02631578947368421	0.02631578947368421	0.07894736842105263
130	file:/Users/James/Desktop/mallet-2.0.8/data/movies/10112.txt	0.03571428571428571	0.03571428571428571	0.03571428571428571	0.25	0.03571428571428571	0.10714285714285714	0.03571428571428571	0.03571428571428571	0.39285714285714285	0.03571428571428571
131	file:/Users/James/Desktop/mallet-2.0.8/data/movies/10113.txt	0.10714285714285714	0.03571428571428571	0.03571428571428571	0.32142857142857145	0.17857142857142858	0.03571428571428571	0.03571428571428571	0.03571428571428571	0.10714285714285714	0.10714285714285714
132	file:/Users/James/Desktop/mallet-2.0.8/data/movies/10114.txt	0.038461538461538464	0.038461538461538464	0.11538461538461539	0.038461538461538464	0.2692307692307692	0.19230769230769232	0.11538461538461539	0.038461538461538464	0.038461538461538464	0.11538461538461539
133	file:/Users/James/Desktop/mallet-2.0.8/data/movies/10115.txt	0.09375	0.03125	0.03125	0.03125	0.09375	0.03125	0.40625	0.03125	0.03125	0.21875
134	file:/Users/James/Desktop/mallet-2.0.8/data/movies/10116.txt	0.23333333333333334	0.16666666666666666	0.03333333333333333	0.03333333333333333	0.03333333333333333	0.03333333333333333	0.16666666666666666	0.23333333333333334	0.03333333333333333	0.03333333333333333
135	file:/Users/James/Desktop/mallet-2.0.8/data/movies/10117.txt	0.0625	0.3125	0.0625	0.0625	0.0625	0.1875	0.0625	0.0625	0.0625	0.0625
136	file:/Users/James/Desktop/mallet-2.0.8/data/movies/10118.txt	0.05	0.05	0.05	0.05	0.15	0.05	0.05	0.15	0.35	0.05
137	file:/Users/James/Desktop/mallet-2.0.8/data/movies/10119.txt	0.03125	0.03125	0.03125	0.03125	0.09375	0.03125	0.15625	0.09375	0.28125	0.21875
138	file:/Users/James/Desktop/mallet-2.0.8/data/movies/1012.txt	0.13636363636363635	0.045454545454545456	0.4090909090909091	0.13636363636363635	0.045454545454545456	0.045454545454545456	0.045454545454545456	0.045454545454545456	0.045454545454545456	0.045454545454545456
139	file:/Users/James/Desktop/mallet-2.0.8/data/movies/10120.txt	0.038461538461538464	0.038461538461538464	0.11538461538461539	0.11538461538461539	0.19230769230769232	0.038461538461538464	0.34615384615384615	0.038461538461538464	0.038461538461538464	0.038461538461538464
140	file:/Users/James/Desktop/mallet-2.0.8/data/movies/10121.txt	0.022727272727272728	0.06818181818181818	0.1590909090909091	0.06818181818181818	0.06818181818181818	0.022727272727272728	0.06818181818181818	0.022727272727272728	0.38636363636363635	0.11363636363636363
141	file:/Users/James/Desktop/mallet-2.0.8/data/movies/10122.txt	0.10714285714285714	0.10714285714285714	0.03571428571428571	0.39285714285714285	0.10714285714285714	0.03571428571428571	0.03571428571428571	0.10714285714285714	0.03571428571428571	0.03571428571428571
142	file:/Users/James/Desktop/mallet-2.0.8/data/movies/10123.txt	0.03125	0.40625	0.15625	0.03125	0.03125	0.03125	0.09375	0.03125	0.09375	0.09375
143	file:/Users/James/Desktop/mallet-2.0.8/data/movies/10124.txt	0.3	0.03333333333333333	0.03333333333333333	0.1	0.03333333333333333	0.16666666666666666	0.03333333333333333	0.23333333333333334	0.03333333333333333	0.03333333333333333
144	file:/Users/James/Desktop/mallet-2.0.8/data/movies/10125.txt	0.025	0.125	0.075	0.475	0.025	0.025	0.025	0.175	0.025	0.025
145	file:/Users/James/Desktop/mallet-2.0.8/data/movies/10126.txt	0.045454545454545456	0.045454545454545456	0.045454545454545456	0.13636363636363635	0.045454545454545456	0.4090909090909091	0.13636363636363635	0.045454545454545456	0.045454545454545456	0.045454545454545456
146	file:/Users/James/Desktop/mallet-2.0.8/data/movies/10127.txt	0.15217391304347827	0.1956521739130435	0.15217391304347827	0.021739130434782608	0.06521739130434782	0.021739130434782608	0.021739130434782608	0.10869565217391304	0.06521739130434782	0.1956521739130435
147	file:/Users/James/Desktop/mallet-2.0.8/data/movies/10128.txt	0.17857142857142858	0.03571428571428571	0.03571428571428571	0.03571428571428571	0.17857142857142858	0.03571428571428571	0.03571428571428571	0.17857142857142858	0.25	0.03571428571428571
148	file:/Users/James/Desktop/mallet-2.0.8/data/movies/10129.txt	0.041666666666666664	0.125	0.041666666666666664	0.125	0.041666666666666664	0.375	0.041666666666666664	0.041666666666666664	0.041666666666666664	0.125
149	file:/Users/James/Desktop/mallet-2.0.8/data/movies/1013.txt	0.041666666666666664	0.041666666666666664	0.041666666666666664	0.125	0.041666666666666664	0.041666666666666664	0.041666666666666664	0.2916666666666667	0.125	0.20833333333333334
150	file:/Users/James/Desktop/mallet-2.0.8/data/movies/10130.txt	0.03125	0.03125	0.21875	0.03125	0.03125	0.03125	0.03125	0.21875	0.09375	0.28125
151	file:/Users/James/Desktop/mallet-2.0.8/data/movies/10131.txt	0.02631578947368421	0.07894736842105263	0.02631578947368421	0.02631578947368421	0.02631578947368421	0.02631578947368421	0.02631578947368421	0.13157894736842105	0.2894736842105263	0.34210526315789475
152	file:/Users/James/Desktop/mallet-2.0.8/data/movies/10132.txt	0.125	0.325	0.125	0.075	0.025	0.175	0.025	0.025	0.025	0.075
153	file:/Users/James/Desktop/mallet-2.0.8/data/movies/10133.txt	0.1	0.3	0.1	0.03333333333333333	0.23333333333333334	0.03333333333333333	0.1	0.03333333333333333	0.03333333333333333	0.03333333333333333
154	file:/Users/James/Desktop/mallet-2.0.8/data/movies/10134.txt	0.05	0.15	0.05	0.05	0.05	0.45	0.05	0.05	0.05	0.05
155	file:/Users/James/Desktop/mallet-2.0.8/data/movies/10135.txt	0.038461538461538464	0.038461538461538464	0.19230769230769232	0.19230769230769232	0.2692307692307692	0.11538461538461539	0.038461538461538464	0.038461538461538464	0.038461538461538464	0.038461538461538464
156	file:/Users/James/Desktop/mallet-2.0.8/data/movies/10136.txt	0.038461538461538464	0.19230769230769232	0.34615384615384615	0.038461538461538464	0.038461538461538464	0.19230769230769232	0.038461538461538464	0.038461538461538464	0.038461538461538464	0.038461538461538464
157	file:/Users/James/Desktop/mallet-2.0.8/data/movies/10137.txt	0.029411764705882353	0.08823529411764706	0.029411764705882353	0.08823529411764706	0.029411764705882353	0.2647058823529412	0.029411764705882353	0.08823529411764706	0.029411764705882353	0.3235294117647059
158	file:/Users/James/Desktop/mallet-2.0.8/data/movies/10138.txt	0.10714285714285714	0.10714285714285714	0.03571428571428571	0.25	0.03571428571428571	0.17857142857142858	0.10714285714285714	0.03571428571428571	0.03571428571428571	0.10714285714285714
159	file:/Users/James/Desktop/mallet-2.0.8/data/movies/10139.txt	0.17857142857142858	0.03571428571428571	0.03571428571428571	0.39285714285714285	0.03571428571428571	0.03571428571428571	0.03571428571428571	0.10714285714285714	0.03571428571428571	0.10714285714285714
160	file:/Users/James/Desktop/mallet-2.0.8/data/movies/1014.txt	0.03333333333333333	0.03333333333333333	0.16666666666666666	0.1	0.43333333333333335	0.03333333333333333	0.03333333333333333	0.03333333333333333	0.03333333333333333	0.1
161	file:/Users/James/Desktop/mallet-2.0.8/data/movies/10140.txt	0.25	0.03571428571428571	0.03571428571428571	0.03571428571428571	0.03571428571428571	0.10714285714285714	0.03571428571428571	0.32142857142857145	0.03571428571428571	0.10714285714285714
162	file:/Users/James/Desktop/mallet-2.0.8/data/movies/10141.txt	0.03571428571428571	0.03571428571428571	0.17857142857142858	0.03571428571428571	0.17857142857142858	0.03571428571428571	0.10714285714285714	0.25	0.03571428571428571	0.10714285714285714
163	file:/Users/James/Desktop/mallet-2.0.8/data/movies/10142.txt	0.13157894736842105	0.07894736842105263	0.02631578947368421	0.02631578947368421	0.13157894736842105	0.02631578947368421	0.34210526315789475	0.13157894736842105	0.07894736842105263	0.02631578947368421
164	file:/Users/James/Desktop/mallet-2.0.8/data/movies/10143.txt	0.045454545454545456	0.3181818181818182	0.045454545454545456	0.045454545454545456	0.045454545454545456	0.045454545454545456	0.3181818181818182	0.045454545454545456	0.045454545454545456	0.045454545454545456
165	file:/Users/James/Desktop/mallet-2.0.8/data/movies/10144.txt	0.21428571428571427	0.07142857142857142	0.07142857142857142	0.07142857142857142	0.07142857142857142	0.07142857142857142	0.21428571428571427	0.07142857142857142	0.07142857142857142	0.07142857142857142
166	file:/Users/James/Desktop/mallet-2.0.8/data/movies/10145.txt	0.13636363636363635	0.045454545454545456	0.045454545454545456	0.045454545454545456	0.045454545454545456	0.3181818181818182	0.045454545454545456	0.045454545454545456	0.045454545454545456	0.22727272727272727
167	file:/Users/James/Desktop/mallet-2.0.8/data/movies/10146.txt	0.041666666666666664	0.125	0.041666666666666664	0.125	0.041666666666666664	0.20833333333333334	0.20833333333333334	0.041666666666666664	0.041666666666666664	0.125
168	file:/Users/James/Desktop/mallet-2.0.8/data/movies/10147.txt	0.2894736842105263	0.34210526315789475	0.02631578947368421	0.07894736842105263	0.02631578947368421	0.02631578947368421	0.13157894736842105	0.02631578947368421	0.02631578947368421	0.02631578947368421
169	file:/Users/James/Desktop/mallet-2.0.8/data/movies/10148.txt	0.027777777777777776	0.25	0.027777777777777776	0.027777777777777776	0.4166666666666667	0.027777777777777776	0.027777777777777776	0.027777777777777776	0.1388888888888889	0.027777777777777776
170	file:/Users/James/Desktop/mallet-2.0.8/data/movies/10149.txt	0.045454545454545456	0.4090909090909091	0.13636363636363635	0.045454545454545456	0.045454545454545456	0.13636363636363635	0.045454545454545456	0.045454545454545456	0.045454545454545456	0.045454545454545456
171	file:/Users/James/Desktop/mallet-2.0.8/data/movies/1015.txt	0.05555555555555555	0.16666666666666666	0.16666666666666666	0.05555555555555555	0.05555555555555555	0.05555555555555555	0.05555555555555555	0.05555555555555555	0.2777777777777778	0.05555555555555555
172	file:/Users/James/Desktop/mallet-2.0.8/data/movies/10150.txt	0.038461538461538464	0.038461538461538464	0.038461538461538464	0.11538461538461539	0.5769230769230769	0.038461538461538464	0.038461538461538464	0.038461538461538464	0.038461538461538464	0.038461538461538464
173	file:/Users/James/Desktop/mallet-2.0.8/data/movies/10151.txt	0.029411764705882353	0.20588235294117646	0.08823529411764706	0.029411764705882353	0.029411764705882353	0.029411764705882353	0.2647058823529412	0.20588235294117646	0.029411764705882353	0.08823529411764706
174	file:/Users/James/Desktop/mallet-2.0.8/data/movies/10152.txt	0.05555555555555555	0.05555555555555555	0.05555555555555555	0.05555555555555555	0.05555555555555555	0.05555555555555555	0.5	0.05555555555555555	0.05555555555555555	0.05555555555555555
175	file:/Users/James/Desktop/mallet-2.0.8/data/movies/10153.txt	0.10714285714285714	0.03571428571428571	0.4642857142857143	0.03571428571428571	0.10714285714285714	0.03571428571428571	0.03571428571428571	0.10714285714285714	0.03571428571428571	0.03571428571428571
